/home/julio/Desktop/These/chineseNetwork/environement/bin/python /home/julio/Desktop/These/chineseNetwork/pretopologyx6/example_lsp.py
we are here now
time for size: 10
[0.006430864334106445, 0.0059773921966552734, 0.0063817501068115234, 0.0054323673248291016, 0.005298614501953125, 0.00579833984375, 0.006047725677490234, 0.0060346126556396484, 0.005449056625366211, 0.006574392318725586]
         mean: 0.005942511558532715
         std: 0.0004231542656882193
time for size: 11
[0.007074832916259766, 0.007250308990478516, 0.007025480270385742, 0.006614208221435547, 0.006497383117675781, 0.0065343379974365234, 0.006798982620239258, 0.006664752960205078, 0.006749868392944336, 0.006887912750244141]
         mean: 0.006809806823730469
         std: 0.00023524400560996197
time for size: 12
[0.008729934692382812, 0.008213996887207031, 0.008303642272949219, 0.00895237922668457, 0.009236812591552734, 0.02240276336669922, 0.01833486557006836, 0.010400533676147461, 0.008334159851074219, 0.008777141571044922]
         mean: 0.011168622970581054
         std: 0.004726870285297199
time for size: 13
[0.009979009628295898, 0.009864568710327148, 0.010270833969116211, 0.018619060516357422, 0.010323286056518555, 0.010227680206298828, 0.010349750518798828, 0.010466814041137695, 0.010486364364624023, 0.0100250244140625]
         mean: 0.01106123924255371
         std: 0.002526891758575819
time for size: 14
[0.038463592529296875, 0.012596845626831055, 0.013880729675292969, 0.013367652893066406, 0.013680696487426758, 0.012923955917358398, 0.013909339904785156, 0.013873100280761719, 0.013299226760864258, 0.01336669921875]
         mean: 0.01593618392944336
         std: 0.0075202294461460826
time for size: 15
[0.016077518463134766, 0.016376972198486328, 0.016036272048950195, 0.015895605087280273, 0.01631903648376465, 0.016251802444458008, 0.016580581665039062, 0.016606807708740234, 0.015497446060180664, 0.016208648681640625]
         mean: 0.016185069084167482
         std: 0.00031375143022807823
time for size: 16
[0.02032637596130371, 0.020207881927490234, 0.019762277603149414, 0.019622325897216797, 0.019347429275512695, 0.019736766815185547, 0.019890785217285156, 0.019750118255615234, 0.01866936683654785, 0.019422054290771484]
         mean: 0.019673538208007813
         std: 0.00044240566078475443
time for size: 17
[0.02404475212097168, 0.023900985717773438, 0.022156476974487305, 0.022934913635253906, 0.022519588470458984, 0.022875070571899414, 0.0219423770904541, 0.02172994613647461, 0.023072481155395508, 0.023122310638427734]
         mean: 0.022829890251159668
         std: 0.0007299243362007416
time for size: 18
[0.029432058334350586, 0.026006221771240234, 0.026726484298706055, 0.026980876922607422, 0.026523590087890625, 0.026547670364379883, 0.025906801223754883, 0.02675342559814453, 0.026441574096679688, 0.02655339241027832]
         mean: 0.026787209510803222
         std: 0.0009340037660526266
time for size: 19
[0.03220939636230469, 0.03346514701843262, 0.034317970275878906, 0.033442020416259766, 0.03271079063415527, 0.03355860710144043, 0.0337064266204834, 0.03291940689086914, 0.03265714645385742, 0.03435683250427246]
         mean: 0.03333437442779541
         std: 0.000671977808170872
time for size: 20
[0.04865717887878418, 0.04896855354309082, 0.046529293060302734, 0.048484086990356445, 0.048868417739868164, 0.04754185676574707, 0.04723834991455078, 0.04606461524963379, 0.046804189682006836, 0.04716634750366211]
         mean: 0.04763228893280029
         std: 0.0009914632243175766
time for size: 21
[0.07239127159118652, 0.07210469245910645, 0.07606744766235352, 0.07101988792419434, 0.07202482223510742, 0.07050132751464844, 0.06853723526000977, 0.0719451904296875, 0.07039165496826172, 0.07329154014587402]
         mean: 0.07182750701904297
         std: 0.0018938451530190808
time for size: 22
[0.10199666023254395, 0.10093140602111816, 0.10360312461853027, 0.1062018871307373, 0.1102452278137207, 0.10396742820739746, 0.10252118110656738, 0.1023111343383789, 0.1040494441986084, 0.10316014289855957]
         mean: 0.10389876365661621
         std: 0.0025116503907379887
time for size: 23
[0.1419682502746582, 0.13633084297180176, 0.13962554931640625, 0.14689850807189941, 0.1458125114440918, 0.14332246780395508, 0.1477189064025879, 0.14687180519104004, 0.14660239219665527, 0.15004539489746094]
         mean: 0.14451966285705567
         std: 0.003961334012112715
time for size: 24
[0.18154668807983398, 0.17862296104431152, 0.18212342262268066, 0.18099379539489746, 0.17911386489868164, 0.18047738075256348, 0.17974019050598145, 0.1781904697418213, 0.18252110481262207, 0.17992305755615234]
         mean: 0.18032529354095458
         std: 0.0013944100003367838
time for size: 25
[0.22409844398498535, 0.2313992977142334, 0.22483277320861816, 0.2244706153869629, 0.22016024589538574, 0.2293550968170166, 0.22469067573547363, 0.2228386402130127, 0.22365236282348633, 0.22331809997558594]
         mean: 0.22488162517547608
         std: 0.0030616018800762213
time for size: 26
[0.27010202407836914, 0.2745394706726074, 0.2674436569213867, 0.271883487701416, 0.2729325294494629, 0.2667837142944336, 0.27170372009277344, 0.2740821838378906, 0.27875614166259766, 0.27022695541381836]
         mean: 0.2718453884124756
         std: 0.0033448119551925623
time for size: 27
[0.33222389221191406, 0.33148860931396484, 0.33380579948425293, 0.32468700408935547, 0.3250143527984619, 0.3275468349456787, 0.3290436267852783, 0.3213002681732178, 0.3302886486053467, 0.33638906478881836]
         mean: 0.3291788101196289
         std: 0.004376166228598509
time for size: 28
[0.4008023738861084, 0.39311742782592773, 0.39235901832580566, 0.3963203430175781, 0.39392709732055664, 0.4094257354736328, 0.3898916244506836, 0.4008641242980957, 0.402785062789917, 0.3930084705352783]
         mean: 0.3972501277923584
         std: 0.005741156422497165
time for size: 29
[0.4867374897003174, 0.4783332347869873, 0.4838881492614746, 0.4822392463684082, 0.4825139045715332, 0.4828789234161377, 0.4839932918548584, 0.4787559509277344, 0.4770939350128174, 0.4839973449707031]
         mean: 0.48204314708709717
         std: 0.0028824509919089633
time for size: 30
[0.5809087753295898, 0.5931854248046875, 0.5792484283447266, 0.5757644176483154, 0.5803754329681396, 0.5811100006103516, 0.5814926624298096, 0.5797033309936523, 0.5772576332092285, 0.5720243453979492]
         mean: 0.580107045173645
         std: 0.005175833052197726
time for size: 31
[0.7032973766326904, 0.6969563961029053, 0.6942780017852783, 0.6943726539611816, 0.685875654220581, 0.6918528079986572, 0.6918704509735107, 0.690288782119751, 0.6908066272735596, 0.7049605846405029]
         mean: 0.6944559335708618
         std: 0.005590836091329116
time for size: 32
[0.8245956897735596, 0.8099510669708252, 0.831733226776123, 0.8215551376342773, 0.8369123935699463, 0.8150577545166016, 0.8472840785980225, 0.8535089492797852, 0.8194661140441895, 0.8373234272003174]
         mean: 0.8297387838363648
         std: 0.013386041291907203
time for size: 33
[0.9881412982940674, 0.9921059608459473, 1.0101165771484375, 0.9928510189056396, 0.99861741065979, 0.9907529354095459, 1.0100107192993164, 1.0088391304016113, 1.0050904750823975, 1.124882698059082]
         mean: 1.0121408224105835
         std: 0.038431455516544
time for size: 34
[1.2072384357452393, 1.1698887348175049, 1.1796801090240479, 1.2004756927490234, 1.1863062381744385, 1.209425687789917, 1.1962213516235352, 1.2112634181976318, 1.2028875350952148, 1.1959059238433838]
         mean: 1.1959293127059936
         std: 0.012841757434778464
time for size: 35
[1.403141736984253, 1.4163782596588135, 1.4197726249694824, 1.4160549640655518, 1.410667896270752, 1.4111943244934082, 1.418297529220581, 1.4164514541625977, 1.4083058834075928, 1.425692081451416]
         mean: 1.4145956754684448
         std: 0.0060838854862177395
time for size: 36
[1.6580493450164795, 1.6543340682983398, 1.609070062637329, 1.6637184619903564, 1.6516404151916504, 1.6729533672332764, 1.6420061588287354, 1.6569104194641113, 1.6549663543701172, 1.6470434665679932]
         mean: 1.651069211959839
         std: 0.01615614162417365
time for size: 37
[1.966644525527954, 1.9081368446350098, 1.9491033554077148, 1.9367351531982422, 1.937351942062378, 1.9446406364440918, 1.9392695426940918, 1.9628894329071045, 1.9553472995758057, 1.9460818767547607]
         mean: 1.9446200609207154
         std: 0.015591049800740378
time for size: 38
[2.2365174293518066, 2.262404680252075, 2.235783100128174, 2.236652374267578, 2.252669095993042, 2.2471559047698975, 2.2811708450317383, 2.2636454105377197, 2.2707326412200928, 2.266540288925171]
         mean: 2.2553271770477297
         std: 0.015194085476402566
time for size: 39
[2.595895767211914, 2.583683967590332, 2.583983898162842, 2.6020331382751465, 2.5966150760650635, 2.60135817527771, 2.608126401901245, 2.610682487487793, 2.5696828365325928, 2.6138436794281006]
         mean: 2.596590542793274
         std: 0.01315939581807033
time for size: 40
[2.992540121078491, 2.970630407333374, 2.9604837894439697, 2.9657633304595947, 2.969656229019165, 2.975594997406006, 2.9620702266693115, 2.9738998413085938, 2.973273515701294, 2.9746155738830566]
         mean: 2.9718528032302856
         std: 0.00850978833323196
time for size: 41
[3.4570164680480957, 3.4225587844848633, 3.456458806991577, 3.4361789226531982, 3.4373011589050293, 3.419619560241699, 3.42138671875, 3.4326388835906982, 3.4756717681884766, 3.4463632106781006]
         mean: 3.440519428253174
         std: 0.0173574275846348
time for size: 42
[3.9589686393737793, 3.8927910327911377, 3.9114794731140137, 3.970482587814331, 3.913602352142334, 3.9530723094940186, 3.912227153778076, 3.9130120277404785, 3.9134247303009033, 3.9147491455078125]
         mean: 3.9253809452056885
         std: 0.024300597074103345
time for size: 43
[4.558305025100708, 4.5508201122283936, 4.546207666397095, 4.500395059585571, 4.471346378326416, 4.490911483764648, 4.5131165981292725, 4.455380439758301, 4.560121297836304, 4.543018579483032]
         mean: 4.518962264060974
         std: 0.03612968278429945
time for size: 44
[5.086227655410767, 5.08148717880249, 5.054680824279785, 5.104535818099976, 5.067015647888184, 5.1567113399505615, 5.1944708824157715, 5.077082633972168, 5.084949493408203, 5.072568893432617]
         mean: 5.097973036766052
         std: 0.04159182343673694
time for size: 45
[5.773374319076538, 5.807705879211426, 5.789880990982056, 5.778826475143433, 5.8190696239471436, 5.789062738418579, 5.7698094844818115, 5.824852466583252, 5.772117853164673, 5.798961162567139]
         mean: 5.792366099357605
         std: 0.01878066940635131
time for size: 46
[6.713651180267334, 6.7054455280303955, 6.727796316146851, 6.691972970962524, 6.6623921394348145, 6.739946126937866, 6.688269376754761, 6.652167081832886, 6.73223352432251, 6.728554010391235]
         mean: 6.704242825508118
         std: 0.02857102136292057
time for size: 47
[7.679767847061157, 7.691378831863403, 7.744991779327393, 7.703021049499512, 7.743404388427734, 7.721123456954956, 7.720787048339844, 7.739513874053955, 7.685461759567261, 7.756211280822754]
         mean: 7.718566131591797
         std: 0.026009030342224
time for size: 48
[8.68450379371643, 8.669952154159546, 8.725059509277344, 8.73585057258606, 8.77381443977356, 8.824776887893677, 8.790945053100586, 8.811059474945068, 8.791348695755005, 8.818263292312622]
         mean: 8.76255738735199
         std: 0.052797560872217195
time for size: 49
[9.861480236053467, 9.882678270339966, 9.996214628219604, 9.798648118972778, 9.946118116378784, 9.857556819915771, 9.867117166519165, 9.827968120574951, 9.787642478942871, 9.800992965698242]
         mean: 9.86264169216156
         std: 0.06323102349570452
22343.499317646027
stop
[10, 10, 10, 10, 10, 10, 10, 10, 10, 10, 11, 11, 11, 11, 11, 11, 11, 11, 11, 11, 12, 12, 12, 12, 12, 12, 12, 12, 12, 12, 13, 13, 13, 13, 13, 13, 13, 13, 13, 13, 14, 14, 14, 14, 14, 14, 14, 14, 14, 14, 15, 15, 15, 15, 15, 15, 15, 15, 15, 15, 16, 16, 16, 16, 16, 16, 16, 16, 16, 16, 17, 17, 17, 17, 17, 17, 17, 17, 17, 17, 18, 18, 18, 18, 18, 18, 18, 18, 18, 18, 19, 19, 19, 19, 19, 19, 19, 19, 19, 19, 20, 20, 20, 20, 20, 20, 20, 20, 20, 20, 21, 21, 21, 21, 21, 21, 21, 21, 21, 21, 22, 22, 22, 22, 22, 22, 22, 22, 22, 22, 23, 23, 23, 23, 23, 23, 23, 23, 23, 23, 24, 24, 24, 24, 24, 24, 24, 24, 24, 24, 25, 25, 25, 25, 25, 25, 25, 25, 25, 25, 26, 26, 26, 26, 26, 26, 26, 26, 26, 26, 27, 27, 27, 27, 27, 27, 27, 27, 27, 27, 28, 28, 28, 28, 28, 28, 28, 28, 28, 28, 29, 29, 29, 29, 29, 29, 29, 29, 29, 29, 30, 30, 30, 30, 30, 30, 30, 30, 30, 30, 31, 31, 31, 31, 31, 31, 31, 31, 31, 31, 32, 32, 32, 32, 32, 32, 32, 32, 32, 32, 33, 33, 33, 33, 33, 33, 33, 33, 33, 33, 34, 34, 34, 34, 34, 34, 34, 34, 34, 34, 35, 35, 35, 35, 35, 35, 35, 35, 35, 35, 36, 36, 36, 36, 36, 36, 36, 36, 36, 36, 37, 37, 37, 37, 37, 37, 37, 37, 37, 37, 38, 38, 38, 38, 38, 38, 38, 38, 38, 38, 39, 39, 39, 39, 39, 39, 39, 39, 39, 39, 40, 40, 40, 40, 40, 40, 40, 40, 40, 40, 41, 41, 41, 41, 41, 41, 41, 41, 41, 41, 42, 42, 42, 42, 42, 42, 42, 42, 42, 42, 43, 43, 43, 43, 43, 43, 43, 43, 43, 43, 44, 44, 44, 44, 44, 44, 44, 44, 44, 44, 45, 45, 45, 45, 45, 45, 45, 45, 45, 45, 46, 46, 46, 46, 46, 46, 46, 46, 46, 46, 47, 47, 47, 47, 47, 47, 47, 47, 47, 47, 48, 48, 48, 48, 48, 48, 48, 48, 48, 48, 49, 49, 49, 49, 49, 49, 49, 49, 49, 49]
[0.006430864334106445, 0.0059773921966552734, 0.0063817501068115234, 0.0054323673248291016, 0.005298614501953125, 0.00579833984375, 0.006047725677490234, 0.0060346126556396484, 0.005449056625366211, 0.006574392318725586, 0.007074832916259766, 0.007250308990478516, 0.007025480270385742, 0.006614208221435547, 0.006497383117675781, 0.0065343379974365234, 0.006798982620239258, 0.006664752960205078, 0.006749868392944336, 0.006887912750244141, 0.008729934692382812, 0.008213996887207031, 0.008303642272949219, 0.00895237922668457, 0.009236812591552734, 0.02240276336669922, 0.01833486557006836, 0.010400533676147461, 0.008334159851074219, 0.008777141571044922, 0.009979009628295898, 0.009864568710327148, 0.010270833969116211, 0.018619060516357422, 0.010323286056518555, 0.010227680206298828, 0.010349750518798828, 0.010466814041137695, 0.010486364364624023, 0.0100250244140625, 0.038463592529296875, 0.012596845626831055, 0.013880729675292969, 0.013367652893066406, 0.013680696487426758, 0.012923955917358398, 0.013909339904785156, 0.013873100280761719, 0.013299226760864258, 0.01336669921875, 0.016077518463134766, 0.016376972198486328, 0.016036272048950195, 0.015895605087280273, 0.01631903648376465, 0.016251802444458008, 0.016580581665039062, 0.016606807708740234, 0.015497446060180664, 0.016208648681640625, 0.02032637596130371, 0.020207881927490234, 0.019762277603149414, 0.019622325897216797, 0.019347429275512695, 0.019736766815185547, 0.019890785217285156, 0.019750118255615234, 0.01866936683654785, 0.019422054290771484, 0.02404475212097168, 0.023900985717773438, 0.022156476974487305, 0.022934913635253906, 0.022519588470458984, 0.022875070571899414, 0.0219423770904541, 0.02172994613647461, 0.023072481155395508, 0.023122310638427734, 0.029432058334350586, 0.026006221771240234, 0.026726484298706055, 0.026980876922607422, 0.026523590087890625, 0.026547670364379883, 0.025906801223754883, 0.02675342559814453, 0.026441574096679688, 0.02655339241027832, 0.03220939636230469, 0.03346514701843262, 0.034317970275878906, 0.033442020416259766, 0.03271079063415527, 0.03355860710144043, 0.0337064266204834, 0.03291940689086914, 0.03265714645385742, 0.03435683250427246, 0.04865717887878418, 0.04896855354309082, 0.046529293060302734, 0.048484086990356445, 0.048868417739868164, 0.04754185676574707, 0.04723834991455078, 0.04606461524963379, 0.046804189682006836, 0.04716634750366211, 0.07239127159118652, 0.07210469245910645, 0.07606744766235352, 0.07101988792419434, 0.07202482223510742, 0.07050132751464844, 0.06853723526000977, 0.0719451904296875, 0.07039165496826172, 0.07329154014587402, 0.10199666023254395, 0.10093140602111816, 0.10360312461853027, 0.1062018871307373, 0.1102452278137207, 0.10396742820739746, 0.10252118110656738, 0.1023111343383789, 0.1040494441986084, 0.10316014289855957, 0.1419682502746582, 0.13633084297180176, 0.13962554931640625, 0.14689850807189941, 0.1458125114440918, 0.14332246780395508, 0.1477189064025879, 0.14687180519104004, 0.14660239219665527, 0.15004539489746094, 0.18154668807983398, 0.17862296104431152, 0.18212342262268066, 0.18099379539489746, 0.17911386489868164, 0.18047738075256348, 0.17974019050598145, 0.1781904697418213, 0.18252110481262207, 0.17992305755615234, 0.22409844398498535, 0.2313992977142334, 0.22483277320861816, 0.2244706153869629, 0.22016024589538574, 0.2293550968170166, 0.22469067573547363, 0.2228386402130127, 0.22365236282348633, 0.22331809997558594, 0.27010202407836914, 0.2745394706726074, 0.2674436569213867, 0.271883487701416, 0.2729325294494629, 0.2667837142944336, 0.27170372009277344, 0.2740821838378906, 0.27875614166259766, 0.27022695541381836, 0.33222389221191406, 0.33148860931396484, 0.33380579948425293, 0.32468700408935547, 0.3250143527984619, 0.3275468349456787, 0.3290436267852783, 0.3213002681732178, 0.3302886486053467, 0.33638906478881836, 0.4008023738861084, 0.39311742782592773, 0.39235901832580566, 0.3963203430175781, 0.39392709732055664, 0.4094257354736328, 0.3898916244506836, 0.4008641242980957, 0.402785062789917, 0.3930084705352783, 0.4867374897003174, 0.4783332347869873, 0.4838881492614746, 0.4822392463684082, 0.4825139045715332, 0.4828789234161377, 0.4839932918548584, 0.4787559509277344, 0.4770939350128174, 0.4839973449707031, 0.5809087753295898, 0.5931854248046875, 0.5792484283447266, 0.5757644176483154, 0.5803754329681396, 0.5811100006103516, 0.5814926624298096, 0.5797033309936523, 0.5772576332092285, 0.5720243453979492, 0.7032973766326904, 0.6969563961029053, 0.6942780017852783, 0.6943726539611816, 0.685875654220581, 0.6918528079986572, 0.6918704509735107, 0.690288782119751, 0.6908066272735596, 0.7049605846405029, 0.8245956897735596, 0.8099510669708252, 0.831733226776123, 0.8215551376342773, 0.8369123935699463, 0.8150577545166016, 0.8472840785980225, 0.8535089492797852, 0.8194661140441895, 0.8373234272003174, 0.9881412982940674, 0.9921059608459473, 1.0101165771484375, 0.9928510189056396, 0.99861741065979, 0.9907529354095459, 1.0100107192993164, 1.0088391304016113, 1.0050904750823975, 1.124882698059082, 1.2072384357452393, 1.1698887348175049, 1.1796801090240479, 1.2004756927490234, 1.1863062381744385, 1.209425687789917, 1.1962213516235352, 1.2112634181976318, 1.2028875350952148, 1.1959059238433838, 1.403141736984253, 1.4163782596588135, 1.4197726249694824, 1.4160549640655518, 1.410667896270752, 1.4111943244934082, 1.418297529220581, 1.4164514541625977, 1.4083058834075928, 1.425692081451416, 1.6580493450164795, 1.6543340682983398, 1.609070062637329, 1.6637184619903564, 1.6516404151916504, 1.6729533672332764, 1.6420061588287354, 1.6569104194641113, 1.6549663543701172, 1.6470434665679932, 1.966644525527954, 1.9081368446350098, 1.9491033554077148, 1.9367351531982422, 1.937351942062378, 1.9446406364440918, 1.9392695426940918, 1.9628894329071045, 1.9553472995758057, 1.9460818767547607, 2.2365174293518066, 2.262404680252075, 2.235783100128174, 2.236652374267578, 2.252669095993042, 2.2471559047698975, 2.2811708450317383, 2.2636454105377197, 2.2707326412200928, 2.266540288925171, 2.595895767211914, 2.583683967590332, 2.583983898162842, 2.6020331382751465, 2.5966150760650635, 2.60135817527771, 2.608126401901245, 2.610682487487793, 2.5696828365325928, 2.6138436794281006, 2.992540121078491, 2.970630407333374, 2.9604837894439697, 2.9657633304595947, 2.969656229019165, 2.975594997406006, 2.9620702266693115, 2.9738998413085938, 2.973273515701294, 2.9746155738830566, 3.4570164680480957, 3.4225587844848633, 3.456458806991577, 3.4361789226531982, 3.4373011589050293, 3.419619560241699, 3.42138671875, 3.4326388835906982, 3.4756717681884766, 3.4463632106781006, 3.9589686393737793, 3.8927910327911377, 3.9114794731140137, 3.970482587814331, 3.913602352142334, 3.9530723094940186, 3.912227153778076, 3.9130120277404785, 3.9134247303009033, 3.9147491455078125, 4.558305025100708, 4.5508201122283936, 4.546207666397095, 4.500395059585571, 4.471346378326416, 4.490911483764648, 4.5131165981292725, 4.455380439758301, 4.560121297836304, 4.543018579483032, 5.086227655410767, 5.08148717880249, 5.054680824279785, 5.104535818099976, 5.067015647888184, 5.1567113399505615, 5.1944708824157715, 5.077082633972168, 5.084949493408203, 5.072568893432617, 5.773374319076538, 5.807705879211426, 5.789880990982056, 5.778826475143433, 5.8190696239471436, 5.789062738418579, 5.7698094844818115, 5.824852466583252, 5.772117853164673, 5.798961162567139, 6.713651180267334, 6.7054455280303955, 6.727796316146851, 6.691972970962524, 6.6623921394348145, 6.739946126937866, 6.688269376754761, 6.652167081832886, 6.73223352432251, 6.728554010391235, 7.679767847061157, 7.691378831863403, 7.744991779327393, 7.703021049499512, 7.743404388427734, 7.721123456954956, 7.720787048339844, 7.739513874053955, 7.685461759567261, 7.756211280822754, 8.68450379371643, 8.669952154159546, 8.725059509277344, 8.73585057258606, 8.77381443977356, 8.824776887893677, 8.790945053100586, 8.811059474945068, 8.791348695755005, 8.818263292312622, 9.861480236053467, 9.882678270339966, 9.996214628219604, 9.798648118972778, 9.946118116378784, 9.857556819915771, 9.867117166519165, 9.827968120574951, 9.787642478942871, 9.800992965698242]

Process finished with exit code 0

